325 2630.65747070313
326 2634.01928710938
327 2635.89013671875
328 2636.80639648438
329 2637.8212890625
330 2637.29174804688
331 2636.04321289063
332 2637.75561523438
333 2637.93627929688
334 2635.40014648438
335 2640.2890625
336 2645.34912109375
337 2637.72680664063
338 2633.5849609375
339 2635.67700195313
340 2635.6298828125
341 2635.82763671875
342 2637.80908203125
343 2638.13671875
344 2637.40454101563
345 2637.97119140625
346 2638.89184570313
347 2640.4560546875
348 2646.16845703125
349 2648.91967773438
350 2641.86596679688
351 2639.33227539063
352 2642.609375
353 2646.35571289063
354 2648.810546875
355 2648.84375
356 2647.4619140625
357 2645.52905273438
358 2643.91845703125
359 2647.0712890625
360 2653.87475585938
361 2656.04760742188
362 2656.79956054688
363 2658.42041015625
364 2659.84448242188
365 2661.5361328125
366 2665.18212890625
367 2664.07373046875
368 2658.51904296875
369 2661.01928710938
370 2667.27563476563
371 2672.02734375
372 2672.078125
373 2669.2890625
374 2671.22338867188
375 2672.7119140625
376 2671.72338867188
377 2671.49633789063
378 2670.8232421875
379 2667.42529296875
380 2669.30151367188
381 2675.12084960938
382 2672.03881835938
383 2667.66162109375
384 2667.28125
385 2665.1591796875
386 2663.7470703125
387 2670.39135742188
388 2673.759765625
389 2670.79028320313
390 2667.94189453125
391 2666.35083007813
392 2666.70751953125
393 2666.69506835938
394 2666.75146484375
395 2669.80419921875
396 2672.99926757813
397 2674.71801757813
398 2674.79223632813
399 2674.72216796875
400 2676.73461914063
401 2679.751953125
402 2683.14428710938
403 2685.57275390625
404 2688.78149414063
405 2693.7939453125
406 2696.28442382813
407 2696.82348632813
408 2699.14477539063
409 2696.92724609375
410 2690.49951171875
411 2693.384765625
412 2701.16552734375
413 2707.42797851563
414 2707.00366210938
415 2702.27124023438
416 2705.439453125
417 2707.62084960938
418 2704.60766601563
419 2704.83642578125
420 2707.59326171875
421 2710.00439453125
422 2709.197265625
423 2706.36303710938
424 2711.21020507813
425 2716.30346679688
426 2715.01391601563
427 2714.47680664063
428 2714.99609375
429 2713.63208007813
430 2712.51318359375
431 2713.15502929688
432 2718.23583984375
433 2725.49658203125
434 2731.72436523438
435 2731.96704101563
436 2729.3486328125
437 2739.83227539063
438 2750.14575195313
439 2751.40234375
440 2751.29638671875
441 2751.85180664063
442 2754.392578125
443 2759.39135742188
444 2766.244140625
445 2771.35278320313
446 2775.30615234375
447 2778.9814453125
448 2782.20971679688
449 2784.15771484375
450 2781.30493164063
451 2783.42456054688
452 2793.68896484375
453 2795.30786132813
454 2791.09326171875
455 2788.49145507813
456 2792.0634765625
457 2800.07446289063
458 2798.45678710938
459 2796.00390625
460 2799.8701171875
461 2800.31469726563
462 2797.62768554688
463 2796.64501953125
464 2796.53930664063
465 2796.71801757813
466 2794.69091796875
467 2791.96752929688
468 2790.7265625
469 2790.27734375
470 2790.21142578125
471 2789.48999023438
472 2789.7744140625
473 2791.43334960938
474 2787.08154296875
475 2781.49682617188
476 2786.43286132813
477 2790.0078125
478 2788.9287109375
479 2788.40356445313
480 2787.34228515625
481 2784.5009765625
482 2783.64868164063
483 2783.30883789063
484 2776.37841796875
485 2770.94995117188
486 2770.89892578125
487 2771.90307617188
488 2771.41259765625
489 2766.14086914063
490 2764.24755859375
491 2766.93603515625
492 2768.60131835938
493 2768.73022460938
494 2767.23803710938
495 2767.5
496 2768.98852539063
497 2768.671875
498 2768.32788085938
499 2769.0927734375
500 2773.56103515625
501 2777.94580078125
502 2777.30444335938
503 2774.6923828125
504 2771.8359375
505 2771.14282226563
506 2772.43920898438
507 2775.357421875
508 2777.32446289063
509 2779.66064453125
510 2786.69360351563
511 2787.22436523438
512 2780.58813476563
513 2783.0068359375
514 2788.83666992188
515 2791.27416992188
516 2791.68090820313
517 2791.2080078125
518 2792.9951171875
519 2793.13793945313
520 2791.07080078125
521 2797.251953125
522 2806.54370117188
523 2809.00219726563
524 2812.44018554688
525 2817.86669921875
526 2820.6845703125
527 2821.92504882813
528 2822.89306640625
529 2827.60717773438
530 2834.5478515625
531 2837.75903320313
532 2843.28540039063
533 2851.2099609375
534 2848.32397460938
535 2843.29541015625
536 2848.20532226563
537 2854.01489257813
538 2857.59741210938
539 2856.68139648438
540 2853.888671875
541 2851.83862304688
542 2856.6787109375
543 2864.33569335938
544 2865.51416015625
545 2863.0166015625
546 2860.14672851563
547 2868.31787109375
548 2877.44165039063
549 2877.04956054688
550 2875.87768554688
551 2876.87084960938
552 2883.53491210938
553 2887.75268554688
554 2885.66186523438
555 2881.125
556 2878.89453125
557 2885.54370117188
558 2885.56640625
559 2877.95629882813
560 2876.77587890625
561 2879.48706054688
562 2883.5
563 2885.28100585938
564 2884.99975585938
565 2884.8974609375
566 2884.88745117188
567 2884.76538085938
568 2882.87646484375
569 2880.525390625
570 2879.39379882813
571 2880.94775390625
572 2883.15844726563
573 2878.13012695313
574 2874.853515625
575 2877.79418945313
576 2876.39794921875
577 2873.7958984375
578 2878.298828125
579 2879.93432617188
580 2876.79370117188
581 2874.74096679688
582 2874.97045898438
583 2877.91967773438
584 2876.67138671875
585 2871.7314453125
586 2868.26220703125
587 2864.68041992188
588 2860.099609375
589 2852.13598632813
590 2844.07080078125
591 2840.36572265625
592 2842.81591796875
593 2848.69946289063
594 2847.3603515625
595 2844.82836914063
596 2845.2900390625
597 2847.96215820313
598 2849.85400390625
599 2844.79516601563
600 2843.1708984375
601 2846.79541015625
602 2846.28149414063
603 2843.97045898438
604 2842.62719726563
605 2839.83618164063
606 2835.60131835938
607 2830.78515625
608 2827.0498046875
609 2825.37890625
610 2825.9228515625
611 2826.14282226563
612 2822.53784179688
613 2818.150390625
614 2813.92333984375
615 2809.69213867188
616 2806.18481445313
617 2804.16528320313
618 2805.48046875
619 2808.46801757813
620 2809.84301757813
621 2806.62329101563
622 2799.46337890625
623 2797.58618164063
624 2797.38696289063
625 2794.6123046875
626 2792.94873046875
627 2791.52465820313
628 2785.10107421875
629 2782.04077148438
630 2785.72729492188
631 2789.0380859375
632 2790.24072265625
633 2788.07299804688
634 2788.20849609375
635 2791.06958007813
636 2792.1142578125
637 2791.5224609375
638 2789.2919921875
639 2783.32592773438
640 2778.09448242188
641 2783.46728515625
642 2786.96533203125
643 2785.21752929688
644 2784.87451171875
645 2784.52294921875
646 2782.46655273438
647 2780.10473632813
648 2777.51147460938
649 2773.5458984375
650 2771.70043945313
651 2773.13793945313
652 2774.23876953125
653 2773.44189453125
654 2769.29516601563
655 2764.61206054688
656 2759.939453125
657 2752.66772460938
658 2751.28149414063
659 2759.78979492188
660 2762.01196289063
661 2759.36328125
662 2759.126953125
663 2759.38159179688
664 2759.18896484375
665 2756.31567382813
666 2752.18139648438
667 2748.60717773438
668 2751.82153320313
669 2757.76611328125
670 2753.1845703125
671 2749.40942382813
672 2749.9150390625
673 2747.55786132813
674 2746.4462890625
675 2751.70263671875
676 2751.49267578125
677 2747.17651367188
678 2752.2978515625
679 2754.73828125
680 2750.06225585938
681 2756.11474609375
682 2764.67602539063
683 2760.19165039063
684 2757.794921875
685 2758.57543945313
686 2750.15014648438
687 2741.93603515625
688 2740.94921875
689 2744.22729492188
690 2749.84106445313
691 2755.33251953125
692 2758.33520507813
693 2758.85766601563
694 2761.49340820313
695 2765.47021484375
696 2769.81958007813
697 2774.66259765625
698 2778.37866210938
699 2776.95947265625
700 2775.41918945313
701 2776.150390625
702 2778.81372070313
703 2785.15991210938
704 2796.77880859375
705 2802.36938476563
706 2801.67700195313
707 2802.8505859375
708 2801.52416992188
709 2797.33569335938
710 2801.23852539063
711 2807.94702148438
712 2808.59350585938
713 2804.7802734375
714 2797.61108398438
715 2790.54028320313
716 2780.35473632813
717 2765.81860351563
718 2752.28759765625
719 2742.99780273438
720 2741.29150390625
721 2748.72314453125
722 2759.9912109375
723 2755.24438476563
724 2744.791015625
725 2737.69995117188
726 2737.451171875
727 2740.54663085938
728 2738.14379882813
729 2737.14404296875
730 2739.29223632813
731 2741.330078125
732 2747.06176757813
733 2758.88061523438
734 2760.9091796875
735 2756.20922851563
736 2759.89282226563
737 2761.52807617188
738 2759.13037109375
739 2761.2470703125
740 2764.38159179688
741 2764.44140625
742 2763.84985351563
743 2763.78515625
744 2765.71875
745 2770.103515625
746 2775.37084960938
747 2771.82055664063
748 2767.16357421875
749 2770.92114257813
750 2768.88012695313
751 2763.15551757813
752 2770
753 2772.6826171875
754 2765.43139648438
755 2766.248046875
756 2768.4052734375
757 2761.24926757813
758 2745.42358398438
759 2721.66430664063
760 2688.947265625
761 2667.41748046875
762 2667.47387695313
763 2675.33813476563
764 2688.63989257813
765 2706.544921875
766 2720.50659179688
767 2730.16528320313
768 2744.86767578125
769 2752.6396484375
770 2748.72094726563
771 2751.23901367188
772 2755.47680664063
773 2751.14111328125
774 2752.53540039063
775 2759.97216796875
776 2761.87060546875
777 2760.49780273438
778 2757.61840820313
779 2756.09155273438
780 2755.56689453125
781 2754.8671875
782 2751.57104492188
783 2746.93408203125
784 2747.65551757813
785 2748.93579101563
786 2747.67260742188
787 2744.50830078125
788 2741.24780273438
789 2740.48413085938
790 2740.35400390625
791 2739.73388671875
792 2736.07250976563
793 2735.244140625
794 2739.63305664063
795 2738.1982421875
796 2734.45336914063
797 2735.86767578125
798 2734.4248046875
799 2730.783203125
800 2734.87060546875
801 2737.02172851563
802 2732.00170898438
803 2725.82763671875
804 2723.30517578125
805 2730.05908203125
806 2734.0224609375
807 2732.45874023438
808 2728.36108398438
809 2723.74194335938
810 2719.7734375
811 2714.92211914063
812 2709.55395507813
813 2704.365234375
814 2698.20190429688
815 2692.12548828125
816 2689.99877929688
817 2688.64575195313
818 2686.71752929688
819 2686.47973632813
820 2688.36181640625
821 2692.50170898438
822 2694.60302734375
823 2692.59423828125
824 2682.85473632813
825 2678.47338867188
826 2683.6328125
827 2683.63671875
828 2681.25219726563
829 2681.03173828125
830 2681.93310546875
831 2682.603515625
832 2679.283203125
833 2678.88818359375
834 2682.994140625
835 2684.7255859375
836 2684.23486328125
837 2682.47534179688
838 2684.3984375
839 2687.77270507813
840 2685.01025390625
841 2683.484375
842 2684.5283203125
843 2682.18823242188
844 2679.75854492188
845 2680.33935546875
846 2685.37133789063
847 2690.07348632813
848 2685.30444335938
849 2679.47973632813
850 2676.18017578125
851 2678.24194335938
852 2680.33959960938
853 2678.88623046875
854 2676.64086914063
855 2674.38525390625
856 2672.71850585938
857 2672.26098632813
858 2672.41650390625
859 2670.53784179688
860 2669.52465820313
861 2670.64575195313
862 2671.75024414063
863 2672.10986328125
864 2671.2060546875
865 2671.00439453125
866 2670.81640625
867 2667.01123046875
868 2666.14819335938
869 2669.0703125
870 2665.92895507813
871 2662.47338867188
872 2664.20678710938
873 2665.36791992188
874 2664.42822265625
875 2660.17016601563
876 2658.24072265625
877 2659.74829101563
878 2661.31127929688
879 2661.53247070313
880 2659.4912109375
881 2655.54956054688
882 2652.40234375
883 2653.68969726563
884 2654.78076171875
885 2654.80224609375
886 2654.96362304688
887 2655.57568359375
888 2656.49243164063
889 2656.18969726563
890 2654.4716796875
891 2651.46606445313
892 2650.06030273438
893 2649.1103515625
894 2644.67407226563
895 2639.95166015625
896 2635.79931640625
897 2629.83056640625
898 2629.4423828125
899 2638.12329101563
900 2638.876953125
901 2635.86401367188
902 2639.0146484375
903 2637.4765625
904 2632.1982421875
905 2634.78588867188
906 2633.79052734375
907 2626.642578125
908 2629.79248046875
909 2634.17504882813
910 2630.15185546875
911 2629.39379882813
912 2630.41162109375
913 2625.49560546875
914 2624.62182617188
915 2628.60302734375
916 2628.66650390625
917 2626.72412109375
918 2624.259765625
919 2622.00659179688
920 2621.1630859375
921 2622.88403320313
922 2623.36938476563
923 2622.60302734375
924 2623.1103515625
925 2623.42602539063
926 2622.81127929688
927 2619.58349609375
928 2619.76220703125
929 2626.423828125
930 2624.11767578125
931 2616.34912109375
932 2611.9052734375
933 2612.4951171875
934 2615.90283203125
935 2613.03955078125
936 2612.84814453125
937 2617.08642578125
938 2613.72021484375
939 2611.03540039063
940 2616.0380859375
941 2615.01171875
942 2610.81274414063
943 2612.17211914063
944 2612.33032226563
945 2610.85791015625
946 2612.1015625
947 2613.31762695313
948 2613.51220703125
949 2614.93701171875
950 2616.56298828125
951 2616.88818359375
952 2610.92456054688
953 2604.8681640625
954 2611.21923828125
955 2614.08227539063
956 2611.7216796875
957 2613.96118164063
958 2616.21020507813
959 2616.07568359375
960 2612.43041992188
961 2612.02563476563
962 2620.05712890625
963 2621.56787109375
964 2616.890625
965 2611.13354492188
966 2610.84594726563
967 2615.73046875
968 2618.9189453125
969 2616.48608398438
970 2608.93286132813
971 2608.92846679688
972 2612.529296875
973 2615.18676757813
974 2615.58227539063
975 2615.79418945313
976 2619.60595703125
977 2618.27172851563
978 2612.72216796875
979 2611.86474609375
980 2612.25268554688
981 2612.837890625
982 2614.48413085938
983 2616.7236328125
984 2618.75
985 2617.76708984375
986 2614.96923828125
987 2612.533203125
988 2612.58764648438
989 2615.09716796875
990 2619.35400390625
991 2617.35424804688
992 2610.94384765625
993 2618.93725585938
994 2623.31787109375
995 2615.69555664063
996 2614.1572265625
997 2616.47485351563
998 2618.24584960938
999 2616.40209960938
1000 2612.82006835938
1001 2611.8369140625
1002 2614.41479492188
1003 2617.94116210938
1004 2613.24755859375
1005 2610.58374023438
1006 2612.72094726563
1007 2610.92260742188
1008 2610.42626953125
1009 2614.62841796875
1010 2617.73168945313
1011 2616.45336914063
1012 2608.47583007813
1013 2607.24169921875
1014 2612.27954101563
1015 2616.86254882813
1016 2613.99951171875
1017 2606.15551757813
1018 2609.93676757813
1019 2612.98828125
1020 2611.01440429688
1021 2614.0693359375
1022 2616.4951171875
1023 2613.87036132813
1024 2612.5087890625
1025 2611.51928710938
1026 2608.86987304688
1027 2612.1982421875
1028 2617.7060546875
1029 2613.6982421875
1030 2612.95751953125
1031 2616.27026367188
1032 2612.79296875
1033 2611.69604492188
1034 2615.21557617188
1035 2612.59106445313
1036 2608.2998046875
1037 2606.7919921875
1038 2610.86181640625
1039 2616.09106445313
1040 2616.65014648438
1041 2611.6669921875
1042 2604.89038085938
1043 2603.24291992188
1044 2609.5966796875
1045 2619.22338867188
1046 2615.92163085938
1047 2610.05590820313
1048 2607.20874023438
1049 2613.53930664063
1050 2615.923828125
1051 2608.2041015625
1052 2606.8046875
1053 2608.07080078125
1054 2607.1083984375
1055 2606.96313476563
1056 2606.66040039063
1057 2604.39282226563
1058 2607.81982421875
1059 2613.28125
1060 2608.41723632813
1061 2608.2666015625
1062 2613.9482421875
1063 2614.25659179688
1064 2612.29760742188
1065 2609.74609375
1066 2607.70947265625
1067 2607.73071289063
1068 2610.21923828125
1069 2611.63696289063
1070 2612.05834960938
1071 2611.95483398438
1072 2610.76416015625
1073 2610.73486328125
1074 2614.73999023438
1075 2612.38427734375
